user_id
23842150
33564079
36669973
41060115
43038955
49411959
49675560
56019890
62740454
68742935
69197094
79115202
85004523
92773513
94104773
102560690
102784092
105993971
107107327
108239558
117426634
120821595
126728597
135816029
136003277
136134545
137040022
138715297
145831497
146386129
148592080
150722384
151974255
154142734
170600962
174225301
175210397
179847848
182549908
183967045
206130928
208043191
208862490
220989013
225105310
236190869
244393411
279537736
279806834
402667378
403455113
415685123
423354972
432437529
465171750
475125462
505517776
520796583
521561264
522853603
538613949
538825327
546085412
549112855
575422885
575500417
589145368
612262028
633095490
645999491
647829650
663947590
678239694
684428302
703488371
795884035
809905351
885821773
904694083
915123141
943581567
948442685
970456825
1017527296
1045955039
1109521694
1218337508
1220763042
1230459452
1230875173
1235046420
1247666854
1254709352
1263604103
1283373005
1287837934
1302226449
1304809823
